.Library.site <-
"c:/local/R/library"
.Random.seed <-
c(403L, 516L, 151405576L, -50370845L, 739897337L, -1626303504L, 
-1935776299L, -986936041L, 2050579130L, -1183069624L, -1231966550L, 
275719088L, 204253101L, -476354137L, -803608176L, 579521368L, 
54744110L, -674459037L, 1044231987L, -1399235620L, 770895492L, 
1436582127L, -235806544L, 1419956606L, 1312910231L, 676786401L, 
2059242663L, 314408691L, -1148570862L, -479053636L, -1095198163L, 
-2044285255L, -569254815L, -1328561814L, 440914078L, 1144982357L, 
1454156483L, 1444995734L, -1570893237L, -15655739L, 1026577040L, 
-1615685746L, 2091877856L, 36725266L, 1300539735L, 345979477L, 
1899179262L, 1909803878L, 1273374724L, -2092660735L, -1567477031L, 
984188974L, 2065101742L, 771443533L, -1868935810L, -752350164L, 
1660902061L, 78486047L, -1469605235L, -250016547L, -662303196L, 
-1473519830L, -833086749L, 1079552463L, -532814305L, 296955720L, 
-376992364L, 646837319L, -1706803251L, -776976364L, -1438671967L, 
-1761704973L, 1671635766L, 1094068524L, -952803042L, 1900856212L, 
1842790481L, -2012033637L, -248942012L, -2137067628L, 482615002L, 
-967547905L, -563637721L, 618628408L, 240481360L, 2080366443L, 
391405380L, -1819020478L, -1051113621L, 767885933L, -439445677L, 
-304790945L, -429557506L, -436728584L, -163149959L, 1312792477L, 
-1425173483L, -909515634L, -340738358L, 1900045817L, 904470167L, 
1503432410L, 475886135L, -342466847L, -2058985284L, -1229842190L, 
1375538868L, 309602326L, -1054020277L, 941315417L, 878936770L, 
-268463198L, 1766076656L, 121272013L, -775699987L, 1766560027L, 
1822767002L, -1392815935L, 1002456751L, -40488718L, -1723223130L, 
295620684L, 1740805623L, 564805038L, 1295927578L, 1081859552L, 
1551891516L, -2102933157L, 290219618L, 161402945L, -495308364L, 
914457446L, -1043877387L, -355267668L, -1435472276L, 588036449L, 
83164897L, 630809515L, 1248137224L, 1677097179L, -1103176373L, 
565295949L, 1629686559L, -850177948L, 1641537099L, -1698372902L, 
1439983275L, 166554461L, -1869221372L, 765672247L, 1601222957L, 
1184874636L, -253274688L, 1710672934L, 638994265L, 1184977828L, 
1543850312L, -1035829670L, 1573096782L, -1616986383L, -2091029952L, 
-6085017L, -1223981974L, -305696776L, 1586187847L, -382168238L, 
-599268998L, 531033547L, 781608867L, 124274389L, -1140060742L, 
-1485439135L, 1129697753L, 822922325L, 1243208102L, 1272507789L, 
830707427L, 1000989364L, 1598913384L, -1101657482L, 344036714L, 
-901846621L, -1192407744L, 1258753653L, -586050108L, -980033984L, 
-1733697658L, -653445033L, -1454672322L, -1290732690L, 1120329263L, 
752414008L, -1353251132L, -1782555791L, -2006339119L, -530444357L, 
-2119152187L, -214602690L, 1696679915L, 1120412878L, -620461821L, 
1793023735L, -926597367L, 805407186L, -603913481L, 1324958179L, 
573918516L, 1169572503L, 297869733L, -840492526L, 335899502L, 
-1330665688L, -1806835860L, -1172802851L, -252931342L, -1439812173L, 
1195719882L, 43705450L, 153676048L, 1018055677L, -344337988L, 
1598186852L, -1626827571L, -38832670L, -111229578L, 2030215455L, 
1842805223L, -294540979L, 1866734759L, -1222722040L, -1569883979L, 
884491828L, 1263198161L, -2099017231L, -292736693L, -687851560L, 
-1264015979L, 995318777L, 878905018L, 1684311417L, 1517616679L, 
-955038408L, 629221580L, -303847294L, -1252113938L, -547444009L, 
-1302086500L, 859556569L, -1193125544L, -2020825004L, 74617538L, 
-1232904061L, 930828442L, -83326702L, 1730729395L, -1806428444L, 
288522728L, -1588754907L, -97941963L, 1019041543L, -705407607L, 
-1087713342L, 900661943L, 1235937090L, -2050341561L, -1887571045L, 
-526278955L, -592087698L, -1261183917L, -237575113L, 2081750536L, 
1802048579L, -831778183L, 1218465030L, 88062082L, -243719244L, 
-1947716240L, 1340312721L, 1955029838L, 439441895L, -1528085106L, 
-694651458L, -1160935700L, -672539415L, -1142618097L, 480916536L, 
-1215835003L, 688477623L, 1716436275L, 2061218407L, -1232747009L, 
125936686L, -1993072529L, 315944905L, 131456810L, 1329026054L, 
1822611377L, 1168952114L, 2090409262L, -927549282L, -674850560L, 
1867062935L, 1148642012L, -1691573502L, 917567972L, 257592498L, 
909974026L, -157450741L, 1898271700L, 73644972L, 2080753281L, 
-932784447L, -89869978L, -578538239L, 2067036913L, 883884767L, 
-112852091L, 1709022194L, -108996865L, 1715400437L, 930493273L, 
878212089L, -1918169375L, 2008534328L, 1611047933L, 493899351L, 
1190432324L, -1270550868L, -272625093L, -89777892L, 2056003468L, 
1582331516L, 464344434L, -1252077259L, 1849360202L, 242306668L, 
-2082065002L, -624765968L, 1148574456L, -1439233255L, -875284522L, 
2043654902L, 1987530495L, 623522099L, -1354991676L, -1804444777L, 
364742299L, -1424968455L, 1336703995L, -1202620412L, 1518013401L, 
690119451L, 1080611839L, -2115712421L, 1102667603L, 337643962L, 
1980149411L, 1617816589L, 1617097806L, -934826278L, -982392091L, 
290748582L, -1913172110L, 1410245602L, 401370260L, -1943684381L, 
1406453832L, -446349826L, 1839253096L, -1434935098L, 501407622L, 
200341015L, -866453848L, -1156878208L, 1680170645L, -348994795L, 
669389522L, -367446227L, -2026561635L, -1367222845L, 934166281L, 
-323197738L, 1474343579L, 189422257L, -179610403L, -689778139L, 
565345181L, -602787348L, -141184919L, 1137974211L, -1821441552L, 
591072120L, -1513650569L, 218334488L, -1695536168L, 175757352L, 
2086550974L, 1408775753L, -71083202L, 902431376L, 64637904L, 
-1676347533L, -178359837L, 481261111L, 1207210790L, -893172957L, 
-304660086L, 2110622355L, -857715546L, 718090400L, -2092807812L, 
-1621487757L, -1329849737L, 1137835645L, -201393096L, -1022223001L, 
-1651233215L, -1293025880L, -787628224L, -1224285324L, -1809183013L, 
155823976L, -715739045L, -1882221286L, -879961633L, -1786172903L, 
-1596158835L, -1579874968L, 1917669744L, 1830182026L, 880827865L, 
-1549638758L, 296089966L, -540816411L, -1310581635L, 985250969L, 
-1277110152L, -2087426779L, -606669640L, -1786476139L, -1314975808L, 
2032444130L, 899163786L, 1588236017L, 1690502301L, -805087465L, 
533190290L, -429823995L, 772100443L, 1861499190L, 616110510L, 
-297259422L, 325708185L, -94657674L, -349881979L, 604772720L, 
-286573611L, 1877880087L, -384099265L, 1046928266L, -202934494L, 
1922919896L, -1696742433L, -1537188812L, 1288831948L, -1193377577L, 
-319949185L, 1119308843L, -1982795958L, -1780843393L, -1002005866L, 
-991559625L, -580653374L, 166147828L, -847194672L, -645255209L, 
-2076076237L, -228747295L, -1325709404L, 210181259L, -1880392723L, 
-1409821196L, 1175401164L, 1183417424L, -876433737L, 535575964L, 
263262255L, -1276369274L, -963339365L, -629338243L, -1438901359L, 
-356037004L, -834325996L, 1367537902L, -635599619L, -2118511354L, 
-1526585342L, -1374071551L, -1466470127L, -2001273051L, 519627844L, 
-758766423L, -1445504004L, -1299889103L, 1574946820L, -1868003250L, 
-1862861178L, -1431829683L, -133891151L, 1178704099L, -1556856954L, 
-1642827290L, 1502080127L, 103140862L, -915213237L, 74351695L, 
220735625L, 8824742L, 1348067318L, -1338776592L, 14225772L, -718769224L, 
-1220092619L, 1690181546L, 2141044409L, -911623683L, -81745423L, 
-109679783L, 343288258L, -1644035287L, 2080142220L, 254229936L, 
98972112L, -182001439L, -1421592345L, 1254588237L, 545092809L, 
-189796591L, 547602072L, -951004799L, -197472714L, -680992550L, 
1725527296L, -1953884628L, 255738605L, 419301928L, -12927299L, 
1429518857L, 70572675L, 253386552L, 406207864L, 1451549426L, 
287315846L, -1704906954L, 1027424447L, -538097696L, -286784501L, 
-1942318945L, 788959735L, 392084735L, -1255913240L, -927623029L, 
-519535594L, -1518648486L, -90007862L, -1203120477L, -1002841527L, 
-1174433345L, 1023340731L, -2039972498L, 1174691738L, 700474135L, 
-233952531L, -1545332754L, 100030273L, -1453772363L, -2002090827L, 
-563482539L, 1161086333L, -228536115L, -1561798818L, -687508998L, 
-1441668893L, -1907859623L, 193382756L, -659619855L, -177944955L, 
1314475610L, 2024160100L, 1150230383L, -1691393226L, -1356777618L, 
-1856010724L, -2084119946L, -2036532778L, -1972032490L, -1948712237L, 
-1343913151L, -503963170L, 126112224L, -1122482843L, -634528108L, 
